100
1		іВСЗиө	   2	      9	      8	      10	  7	      10	  6	      9	      8	      9	      8
2		НхҫэЗа	   0	      7	      8	      9	      9	      9	      5	      10	  5	      8	      7
3		ё¶ҪаКж	   2	      5	      5	      7	      5	      9	      9	      7	      5	      6	      6
4		ЦЬУұ·г	   0	      9	      9	      5	      6	      9	      7	      9	      9	      8	      5
5		ЗсБ«жВ	   1	      10	      5	      7	      5	      6	      5	      5	      8	      8	      8
6		НхУҪжј	   2	      9	      9	      9	      10	      9	      10	      10	      8	      10	      10
7		ХЕЭјТБ	   0	      8	      7	      5	      5	      5	      9	      10	      6	      10	      6
8		іВЗЩЗн	   2	      6	      9	      5	      7	      10	      6	      5	      8	      6	      6
9		ЗсЭјІК	   1	      8	      6	      9	      6	      6	      8	      10	      10	      8	      7
10		РмСЗ»·	   1	      7	      7	      5	      7	      9	      5	      5	      8	      9	      8
11		ЕнДю»Ы	   0	      8	      5	      6	      8	      10	      8	      9	      7	      8	      10
12		ЦУАууЮ	   1	      8	      9	      9	      6	      10	      10	      10	      10	      6	      9
13		сыЬ°АҪ	   1	      5	      9	      5	      7	      5	      8	      8	      6	      8	      5
14		Ф¬ҫ§ФП	   1	      7	      5	      10	      8	      7	      10	      8	      7	      5	      10
15		№ЛПЈҫІ	   2	      6	      9	      9	      9	      10	      9	      6	      6	      6	      6
16		АојОПј	   0	      9	      8	      10	      6	      7	      6	      9	      5	      7	      6
17		В¬ТБ¶р	   2	      9	      6	      9	      9	      6	      8	      7	      5	      8	      8
18		¶ЕжэАт	   1	      7	      7	      9	      9	      9	      10	      8	      6	      10	      8
19		РмиҘҫэ	   1	      10	      8	      6	      5	      6	      7	      8	      10	      8	      8
20		МАдЮжҜ	   1	      6	      5	      9	      9	      9	      7	      7	      10	      6	      7
21		ҝЧөӨҫІ	   1	      10	      7	      9	      6	      8	      8	      9	      7	      7	      9
22		№ЁСЗЗЩ	   0	      9	      5	      10	      5	      7	      7	      6	      8	      8	      5
23		ЙЫКжКз	   0	      7	      10	      6	      5	      9	      6	      9	      5	      5	      10
24		ҪрАҪҙә	   0	      10	      10	      7	      8	      5	      8	      9	      6	      5	      9
25		ГПәЙТХ	   2	      7	      6	      8	      10	      7	      10	      6	      5	      8	      8
26		·¶ҫІСЗ	   2	      5	      7	      7	      9	      5	      8	      5	      8	      9	      9
27		·лУс	   0	      8	      10	      7	      6	      10	      8	      5	      10	      8	      8
28		¶ЎУсСЕ	   1	      6	      8	      7	      5	      5	      7	      9	      8	      5	      10
29		ҪҜЬзЭн	   0	      8	      5	      9	      7	      6	      5	      10	      7	      10	      6
30		ёЯ»·иҙ	   2	      10	      10	      7	      9	      8	      8	      10	      6	      5	      8
31		ЗсЗпЭн	   1	      7	      5	      9	      7	      8	      9	      7	      6	      5	      10
32		БәСюТЛ	   0	      5	      6	      9	      6	      7	      9	      5	      9	      7	      6
33		ХЕжВФ·	   1	      7	      6	      6	      5	      5	      8	      8	      6	      9	      6
34		НхИШЗп	   0	      7	      8	      8	      8	      5	      5	      7	      8	      9	      10
35		ВҪб°зщ	   2	      8	      5	      7	      8	      7	      6	      7	      8	      7	      9
36		·¶жҝТБ	   0	      10	      9	      7	      9	      7	      7	      5	      5	      9	      8
37		СПЮұБб	   2	      8	      8	      6	      6	      10	      6	      10	      7	      10	      7
38		АЧЖ®ҝЙ	   0	      7	      6	      10	      8	      8	      7	      5	      9	      10	      8
39		ЧЮҙПЗн	   0	      7	      10	      5	      5	      8	      7	      6	      9	      6	      8
40		АЧдЮСю	   1	      9	      7	      6	      7	      8	      9	      6	      5	      6	      6
41		В¬СЗПј	   2	      6	      7	      10	      5	      10	      5	      8	      7	      9	      5
42		ЧЮҪхЬ°	   1	      10	      9	      9	      9	      6	      5	      5	      5	      5	      5
43		¶О№рҪх	   2	      5	      5	      7	      5	      6	      10	      6	      7	      8	      6
44		РмЛ¬иӘ	   1	      7	      10	      5	      7	      7	      6	      7	      8	      5	      7
45		ТҰжҜиө	   1	      6	      7	      9	      7	      10	      5	      5	      8	      5	      10
46		іМЗпСа	   0	      6	      6	      7	      8	      5	      6	      9	      7	      7	      10
47		АоБХЮұ	   2	      9	      7	      7	      6	      10	      9	      8	      7	      5	      8
48		РмГГИШ	   0	      6	      6	      10	      9	      8	      10	      7	      5	      6	      7
49		ҪрУ°өӨ	   1	      6	      7	      10	      8	      8	      9	      5	      8	      10	      6
50		ХФРАЗд	   2	      10	      9	      6	      9	      10	      7	      8	      7	      9	      6
51		ҙчЩ»·ј	   1	      6	      5	      6	      7	      6	      8	      7	      5	      7	      8
52		ЦЬвщАј	   0	      8	      6	      7	      6	      6	      9	      5	      7	      8	      5
53		ПтИпЗд	   2	      5	      6	      9	      9	      5	      6	      7	      7	      8	      7
54		БЦЭәДИ	   2	      6	      6	      6	      6	      6	      10	      9	      8	      5	      7
55		АЧХжжө	   1	      8	      5	      10	      6	      9	      8	      9	      8	      10	      8
56		ОӨб°Ҫх	   0	      9	      10	      10	      7	      5	      6	      8	      10	      7	      9
57		Фшж·ј§	   2	      9	      5	      5	      8	      9	      7	      6	      9	      10	      8
58		АЧИпҝЙ	   1	      5	      5	      5	      10	      6	      9	      8	      7	      6	      6
59		РЬж«јС	   1	      5	      7	      10	      7	      10	      8	      7	      6	      5	      8
60		ИО№рХд	   0	      5	      8	      9	      10	      7	      7	      8	      9	      7	      9
61		Бхб°ИЪ	   2	      9	      8	      8	      7	      8	      7	      7	      9	      7	      5
62		ДӘҙдјО	   1	      9	      8	      10	      5	      9	      6	      9	      8	      10	      9
63		әОзьиҙ	   1	      10	      6	      6	      9	      9	      7	      8	      5	      10	      9
64		өЛөӨКж	   2	      7	      8	      8	      7	      9	      5	      5	      8	      6	      9
65		Внж·Ац	   0	      10	      9	      7	      9	      10	      8	      7	      6	      6	      8
66		СПрҘКз	   1	      7	      6	      9	      5	      6	      7	      7	      8	      5	      9
67		ВАШ№Ьз	   0	      5	      9	      10	      6	      10	      5	      6	      10	      10	      5
68		УЪТБІК	   1	      5	      9	      7	      9	      5	      8	      5	      8	      5	      10
69		№ЛГјә®	   0	      10	      10	      9	      9	      9	      8	      9	      9	      6	      10
70		КҜИб·ј	   0	      8	      9	      5	      8	      7	      5	      10	      10	      10	      5
71		әШШ№В¶	   0	      10	      10	      10	      7	      10	      5	      5	      9	      9	      7
72		МХҫкЭј	   0	      10	      9	      8	      9	      5	      10	      5	      9	      7	      10
73		В¬ЗЙПю	   2	      9	      5	      5	      8	      6	      9	      5	      7	      5	      5
74		ҝЧҙәТБ	   2	      6	      8	      9	      5	      7	      8	      10	      9	      10	      5
75		ҪҜЬҝвщ	   2	      10	      7	      9	      9	      5	      7	      9	      7	      9	      8
76		гЖЗЙжҝ	   0	      5	      7	      9	      5	      5	      9	      8	      10	      8	      10
77		НхУэХд	   1	      9	      10	      8	      8	      6	      9	      9	      10	      10	      5
78		К·РА№р	   2	      6	      5	      6	      10	      5	      6	      8	      5	      10	      8
79		әШФ·иҙ	   1	      9	      6	      8	      6	      5	      8	      10	      10	      7	      9
80		әоДюСЕ	   2	      7	      8	      9	      8	      5	      9	      9	      8	      10	      5
81		ЛпПјГ·	   0	      5	      8	      9	      6	      10	      5	      5	      8	      10	      10
82		гЖПгИб	   2	      7	      6	      6	      6	      5	      6	      10	      9	      10	      6
83		№ЛІКвщ	   2	      9	      5	      10	      5	      5	      8	      10	      10	      8	      10
84		№ЁјССЕ	   0	      9	      8	      7	      10	      5	      9	      9	      8	      9	      7
85		Т¶жөб°	   1	      9	      5	      9	      9	      5	      8	      5	      8	      8	      5
86		гЖСаб°	   2	      8	      5	      6	      7	      5	      9	      10	      9	      6	      7
87		·¶Ь°ж·	   0	      8	      10	      7	      8	      8	      9	      7	      9	      10	      5
88		ТьХкУ°	   1	      5	      10	      5	      7	      10	      8	      9	      8	      7	      8
89		¶ЕиӘУс	   1	      7	      10	      5	      8	      7	      5	      7	      5	      5	      6
90		СоЦсАу	   2	      8	      9	      10	      5	      8	      8	      10	      10	      6	      8
91		ҪӘЖ®Эн	   1	      8	      5	      6	      8	      5	      9	      7	      6	      6	      6
92		Нт·ЖЗЙ	   1	      7	      6	      8	      6	      10	      7	      7	      6	      7	      5
93		ДӘАҪПј	   0	      10	      10	      6	      7	      8	      6	      7	      10	      9	      10
94		ЦУКз·ј	   0	      5	      7	      9	      6	      9	      6	      10	      7	      6	      5
95		ПтБХиҘ	   1	      6	      7	      10	      5	      7	      5	      6	      7	      7	      8
96		ОӨИбХд	   0	      7	      8	      7	      5	      6	      6	      9	      9	      6	      7
97		РмТБАт	   0	      9	      5	      5	      5	      8	      6	      6	      9	      10	      6
98		№щәЙИЩ	   0	      5	      6	      5	      8	      10	      8	      7	      8	      10	      9
99		ЦмКж°®	   0	      6	      9	      6	      7	      6	      10	      8	      5	      9	      6
100		Уа·пЦҰ	   0	      8	      8	      7	      5	      9	      6	      9	      8	      7	      10
